LSA for ( n ): 
A : 
0           0           0           0           0           0           0.01       
0           0           0           0.011       0           0           0           
0.008       0           0           0           0           0           0           
0.008       0           0           0           0           0           0           
0           0           0           0           0.009       0           0           
0           0.008       0           0           0           0           0           
0           0           0           0           0           0.006       0           
0           0.038       0           0           0           0           0           
0.002       0           0           0.015       0           0.002       0.004       
0           0           0           0.011       0           0           0           
0.008       0           0           0           0           0           0           
0           0           0           0           0           0           0.01       
0           0.015       0           0           0           0           0           
0           0           0.013       0           0           0           0           
0           0           0.009       0           0           0           0           
0           0           0           0.079       0           0           0           
0           0           0           0.011       0           0           0           
0           0           0           0           0.009       0           0           
0           0           0           0.011       0           0           0           
0           0.005       0           0           0           0.004       0           
0           0           0           0           0.009       0           0           
0           0           0.009       0           0           0           0           
0           0.008       0           0           0           0           0           
0           0           0           0           0.009       0           0           
0           0           0           0.011       0           0           0           
0           0           0           0           0           0.048       0           
0           0           0           0.011       0           0           0           
0           0           0           0.011       0           0           0           
0           0           0           0           0.009       0           0           
0           0           0           0.007       0           0           0.006       
0.001       0.003       0.002       0           0           0.001       0.002       
0           0           0           0           0           0           0.01       
0           0           0.009       0           0           0           0           
0           0.005       0           0           0           0.004       0           
0           0           0.006       0           0           0.004       0           
0.017       0           0           0           0           0           0           
0           0.008       0           0           0           0           0           
0           0           0           0           0           0.019       0           
0.002       0.016       0.003       0           0.003       0           0           
0.027       0           0           0           0           0           0.006       
0           0           0           0           0           0           0.01       
0           0           0           0           0           0           0.01       
0.008       0           0           0           0           0           0           
0           0           0           0.011       0           0           0           
0           0.007       0           0           0.006       0           0           
0           0           0.013       0           0           0           0           
0           0           0           0           0           0.006       0           
0           0           0           0           0.006       0.008       0           
0           0           0           0.011       0           0           0           
0           0           0           0           0           0.032       0           
0           0           0.009       0           0           0           0           
0           0           0           0.011       0           0           0           
0.008       0           0           0           0           0           0           
0           0           0.009       0           0           0           0           
0           0           0           0           0.019       0           0           
0           0           0           0           0           0.006       0           
0.027       0           0           0           0.012       0           0           
0           0           0           0           0           0.006       0           
0           0.015       0           0           0           0           0           
0           0           0.018       0           0           0           0           
0           0           0           0           0.006       0           0.006       
0           0           0           0.016       0           0           0           
0           0           0           0           0           0.032       0           
0           0.005       0           0.034       0           0           0           
0           0           0           0           0           0           0.01       
0           0.008       0           0           0           0           0           
0           0.005       0           0           0           0           0.006       
0           0           0           0           0           0           0.01       
0           0           0.018       0           0           0           0           
0.017       0           0           0           0           0           0           
0           0           0           0           0.009       0           0           
0           0.008       0           0           0           0           0           
0           0           0           0           0           0           0.01       
0           0.008       0           0           0           0           0           
0.042       0           0           0           0           0           0           
0           0           0           0           0.009       0           0           
0           0           0.009       0           0           0           0           
0.013       0           0           0           0           0           0           
0           0           0           0           0.009       0           0           
0           0.005       0           0           0           0.004       0           
0           0           0           0           0.009       0           0           
0           0           0           0           0.006       0.004       0           
0           0           0           0           0           0           0.01       
0.005       0.005       0           0           0           0           0           
0.008       0           0           0           0           0           0           
0           0           0           0           0           0.006       0           
0           0           0.009       0           0           0           0           
0           0.008       0           0           0           0           0           
0           0.008       0           0           0           0           0           
0           0           0           0           0           0.006       0           
0           0           0           0           0           0.019       0           
0           0           0           0           0           0.006       0           
0           0           0           0           0           0.032       0           
0           0           0           0           0           0.006       0           
0           0           0           0           0           0.048       0           
0           0           0.009       0           0           0           0           
0           0           0.009       0           0           0           0           
0           0           0           0           0           0           0.015       
0           0           0           0           0           0.006       0           
0           0           0           0           0.009       0           0           
0           0           0           0           0           0           0.01       
0           0           0           0           0           0.006       0           
0           0           0           0           0           0           0.01       
0           0           0           0           0           0.006       0           
0           0           0           0           0           0           0.01       
0           0.005       0           0           0           0.004       0           
0           0           0           0           0.094       0           0           
0           0.002       0.003       0           0           0.003       0.003       
0           0.008       0           0           0           0           0           
0           0           0           0.011       0           0           0           
0           0           0.009       0           0           0           0           
0           0           0.009       0           0           0           0           
0.042       0           0           0           0           0           0           
0           0           0.044       0           0           0           0           
0           0           0.009       0           0           0           0           
0.008       0           0           0           0           0           0           
0           0           0           0           0           0           0.05       
0           0           0           0.011       0           0           0           
0           0           0           0           0.009       0           0           
0           0           0           0           0           0.006       0           
0           0.003       0.019       0           0           0           0.009       
0.002       0           0           0.003       0.003       0.002       0           
0           0           0           0           0           0.006       0           
0           0           0           0           0           0.01       0           
0           0           0           0           0           0.01       0           
0.027       0           0.029       0           0           0           0           
0           0           0           0           0           0.006       0           
0           0           0           0.016       0           0           0           
0           0           0           0           0.009       0           0           
0           0           0           0.011       0           0           0           
0.017       0           0           0           0           0           0           
0.027       0           0.006       0           0           0           0           
0           0           0           0           0.009       0           0           
0           0.008       0           0           0           0           0           
0.005       0.002       0.013       0           0           0           0.003       
0.025       0           0           0           0           0           0           
0           0           0           0.011       0           0           0           
0           0           0           0           0.009       0           0           
0           0.038       0           0           0           0           0           
0           0           0           0           0.009       0           0           
0.008       0           0           0           0           0           0           
0           0           0           0.007       0           0.004       0           
0           0.011       0           0           0           0           0           
0.008       0           0           0           0.012       0           0           
0           0           0           0           0           0           0.05       
0           0           0           0           0           0           0.015       
0           0           0.044       0           0           0           0           
0           0.008       0           0           0           0           0           
0           0           0.009       0           0           0           0           
0           0.008       0           0           0           0           0           
0           0           0           0           0           0.006       0           
0           0.008       0           0           0           0           0           
0.005       0           0.029       0           0           0           0           
0           0           0           0           0.009       0           0           
0           0           0           0           0.047       0           0           
0           0.094       0           0           0           0           0           
0           0.008       0           0           0           0           0           
0           0.008       0           0           0           0           0           
0           0           0           0.053       0           0           0           
0           0           0           0           0           0           0.01       
0           0           0           0           0           0           0.015       
0           0           0           0.053       0           0           0           
0           0           0           0           0           0           0.01       
0           0           0.006       0.023       0           0           0.004       
0.004       0           0.004       0           0           0.014       0           
0           0           0           0           0           0.006       0           
0           0           0           0           0           0           0.015       
0           0           0           0           0           0           0.01       
0           0           0           0           0           0.006       0           
0           0           0           0           0.012       0.004       0           

 Id: 6     sim:0.0114508824385962



LSA for ( и для ): 
A : 
0           0           0           0           0           0           0.01       
0           0           0           0.011       0           0           0           
0.008       0           0           0           0           0           0           
0.008       0           0           0           0           0           0           
0           0           0           0           0.009       0           0           
0           0.008       0           0           0           0           0           
0           0           0           0           0           0.006       0           
0           0.038       0           0           0           0           0           
0.002       0           0           0.015       0           0.002       0.004       
0           0           0           0.011       0           0           0           
0.008       0           0           0           0           0           0           
0           0           0           0           0           0           0.01       
0           0.015       0           0           0           0           0           
0           0           0.013       0           0           0           0           
0           0           0.009       0           0           0           0           
0           0           0           0.079       0           0           0           
0           0           0           0.011       0           0           0           
0           0           0           0           0.009       0           0           
0           0           0           0.011       0           0           0           
0           0.005       0           0           0           0.004       0           
0           0           0           0           0.009       0           0           
0           0           0.009       0           0           0           0           
0           0.008       0           0           0           0           0           
0           0           0           0           0.009       0           0           
0           0           0           0.011       0           0           0           
0           0           0           0           0           0.048       0           
0           0           0           0.011       0           0           0           
0           0           0           0.011       0           0           0           
0           0           0           0           0.009       0           0           
0           0           0           0.007       0           0           0.006       
0.001       0.003       0.002       0           0           0.001       0.002       
0           0           0           0           0           0           0.01       
0           0           0.009       0           0           0           0           
0           0.005       0           0           0           0.004       0           
0           0           0.006       0           0           0.004       0           
0.017       0           0           0           0           0           0           
0           0.008       0           0           0           0           0           
0           0           0           0           0           0.019       0           
0.002       0.016       0.003       0           0.003       0           0           
0.027       0           0           0           0           0           0.006       
0           0           0           0           0           0           0.01       
0           0           0           0           0           0           0.01       
0.008       0           0           0           0           0           0           
0           0           0           0.011       0           0           0           
0           0.007       0           0           0.006       0           0           
0           0           0.013       0           0           0           0           
0           0           0           0           0           0.006       0           
0           0           0           0           0.006       0.008       0           
0           0           0           0.011       0           0           0           
0           0           0           0           0           0.032       0           
0           0           0.009       0           0           0           0           
0           0           0           0.011       0           0           0           
0.008       0           0           0           0           0           0           
0           0           0.009       0           0           0           0           
0           0           0           0           0.019       0           0           
0           0           0           0           0           0.006       0           
0.027       0           0           0           0.012       0           0           
0           0           0           0           0           0.006       0           
0           0.015       0           0           0           0           0           
0           0           0.018       0           0           0           0           
0           0           0           0           0.006       0           0.006       
0           0           0           0.016       0           0           0           
0           0           0           0           0           0.032       0           
0           0.005       0           0.034       0           0           0           
0           0           0           0           0           0           0.01       
0           0.008       0           0           0           0           0           
0           0.005       0           0           0           0           0.006       
0           0           0           0           0           0           0.01       
0           0           0.018       0           0           0           0           
0.017       0           0           0           0           0           0           
0           0           0           0           0.009       0           0           
0           0.008       0           0           0           0           0           
0           0           0           0           0           0           0.01       
0           0.008       0           0           0           0           0           
0.042       0           0           0           0           0           0           
0           0           0           0           0.009       0           0           
0           0           0.009       0           0           0           0           
0.013       0           0           0           0           0           0           
0           0           0           0           0.009       0           0           
0           0.005       0           0           0           0.004       0           
0           0           0           0           0.009       0           0           
0           0           0           0           0.006       0.004       0           
0           0           0           0           0           0           0.01       
0.005       0.005       0           0           0           0           0           
0.008       0           0           0           0           0           0           
0           0           0           0           0           0.006       0           
0           0           0.009       0           0           0           0           
0           0.008       0           0           0           0           0           
0           0.008       0           0           0           0           0           
0           0           0           0           0           0.006       0           
0           0           0           0           0           0.019       0           
0           0           0           0           0           0.006       0           
0           0           0           0           0           0.032       0           
0           0           0           0           0           0.006       0           
0           0           0           0           0           0.048       0           
0           0           0.009       0           0           0           0           
0           0           0.009       0           0           0           0           
0           0           0           0           0           0           0.015       
0           0           0           0           0           0.006       0           
0           0           0           0           0.009       0           0           
0           0           0           0           0           0           0.01       
0           0           0           0           0           0.006       0           
0           0           0           0           0           0           0.01       
0           0           0           0           0           0.006       0           
0           0           0           0           0           0           0.01       
0           0.005       0           0           0           0.004       0           
0           0           0           0           0.094       0           0           
0           0.002       0.003       0           0           0.003       0.003       
0           0.008       0           0           0           0           0           
0           0           0           0.011       0           0           0           
0           0           0.009       0           0           0           0           
0           0           0.009       0           0           0           0           
0.042       0           0           0           0           0           0           
0           0           0.044       0           0           0           0           
0           0           0.009       0           0           0           0           
0.008       0           0           0           0           0           0           
0           0           0           0           0           0           0.05       
0           0           0           0.011       0           0           0           
0           0           0           0           0.009       0           0           
0           0           0           0           0           0.006       0           
0           0.003       0.019       0           0           0           0.009       
0.002       0           0           0.003       0.003       0.002       0           
0           0           0           0           0           0.006       0           
0           0           0           0           0           0.01       0           
0           0           0           0           0           0.01       0           
0.027       0           0.029       0           0           0           0           
0           0           0           0           0           0.006       0           
0           0           0           0.016       0           0           0           
0           0           0           0           0.009       0           0           
0           0           0           0.011       0           0           0           
0.017       0           0           0           0           0           0           
0.027       0           0.006       0           0           0           0           
0           0           0           0           0.009       0           0           
0           0.008       0           0           0           0           0           
0.005       0.002       0.013       0           0           0           0.003       
0.025       0           0           0           0           0           0           
0           0           0           0.011       0           0           0           
0           0           0           0           0.009       0           0           
0           0.038       0           0           0           0           0           
0           0           0           0           0.009       0           0           
0.008       0           0           0           0           0           0           
0           0           0           0.007       0           0.004       0           
0           0.011       0           0           0           0           0           
0.008       0           0           0           0.012       0           0           
0           0           0           0           0           0           0.05       
0           0           0           0           0           0           0.015       
0           0           0.044       0           0           0           0           
0           0.008       0           0           0           0           0           
0           0           0.009       0           0           0           0           
0           0.008       0           0           0           0           0           
0           0           0           0           0           0.006       0           
0           0.008       0           0           0           0           0           
0.005       0           0.029       0           0           0           0           
0           0           0           0           0.009       0           0           
0           0           0           0           0.047       0           0           
0           0.094       0           0           0           0           0           
0           0.008       0           0           0           0           0           
0           0.008       0           0           0           0           0           
0           0           0           0.053       0           0           0           
0           0           0           0           0           0           0.01       
0           0           0           0           0           0           0.015       
0           0           0           0.053       0           0           0           
0           0           0           0           0           0           0.01       
0           0           0.006       0.023       0           0           0.004       
0.004       0           0.004       0           0           0.014       0           
0           0           0           0           0           0.006       0           
0           0           0           0           0           0           0.015       
0           0           0           0           0           0           0.01       
0           0           0           0           0           0.006       0           
0           0           0           0           0.012       0.004       0           

 Id: 1     sim:0.0541298998184361
 Id: 0     sim:0.0499724306268705
 Id: 2     sim:0.044498292777017